# BOT_TOKEN=7928747427:AAHw8rkHRL-aLOHG-dewMjSL7WlqzvWClr4
# ADMIN_IDS=6660737677
# SOURCE_GROUPS=-1002469556336,-1002417904562
# TARGET_GROUPS=-1002330326130
# FORWARD_INTERVAL=10
# BOOST_EVERY_N=5
# DEFAULT_ADMIN_USERNAME=admin
# DEFAULT_ADMIN_PASSWORD=admin123

BOT_TOKEN=8073883144:AAHC7s9DypY-R3VhCvtHEmQMfy28OfcRveM
ADMIN_IDS=6225136346
SOURCE_GROUPS=-1002271289242,-1002325977027,-1002333241133,-1002311453880,-1002316766765,-1002310548045,-1002448755599,-1002316084425,-1002499032613,-1002299098267,-1002287052936,-1002494432960,-1002343106273
TARGET_GROUPS=-1002453959282,-1001355899173,-1001229004267,-1001828765304,-1002226603641,-1002197949746,-1001555813173,-1001879617748,-1001523740054,-1001645522421,-1001513814757,-1001584535890,-1002061508293,-1001950641448,-1001820320410,-1002174541127,-1001615263109,-1001427076231,-1001195600096,-1001507221095,-1002077611194,-1001606377264,-1002446645124,-1001906031010,-1001977209576,-1002145863250,-1001851967588,-1001262099774,-1002000442458,-1002389194308,-1001660818303,-1001959095384,-1001693214825,-1001636512497,-1001862676157,-1001802600315,-1002023188232,-1001464877687,-1002137752999,-1001321076296,-1001322199327,-1001894918285,-1002045278847,-1001630531242,-1001962762353,-1002105238950,-1001999190320,-1002424479307,-1002204142690,-1002180547577,-1002477123839,-1002065451930,-1002056179305,-1001979396998,-1001857096588,-1001462080396,-1001479732988,-1002392278462,-1001852254401,-1002078966891,-1001896506686,-1001670194712,-1001997853356,-1001788906820,-1002009495662,-1001877804165,-1002183261740,-1001312935118,-1002117629990,-1002005380858,-1002151366011
FORWARD_INTERVAL=300
BOOST_EVERY_N=3
DEFAULT_ADMIN_USERNAME=admin
DEFAULT_ADMIN_PASSWORD=admin123